1.6376e+08
1.6376e+08
1.6376e+08
1.6376e+08
1.6376e+08
1.6376e+08
1.6376e+08
1.6376e+08
1.6376e+08
1.6376e+08
1.6376e+08
1.76867e+08
1.76867e+08
1.6376e+08
1.6376e+08
1.67036e+08
1.67036e+08
1.67036e+08
1.67036e+08
1.67036e+08
1.70313e+08
1.70313e+08
1.67036e+08
1.67036e+08
1.70313e+08
1.70313e+08
1.70313e+08
1.70313e+08
1.70313e+08
1.7359e+08
1.7359e+08
1.70313e+08
1.70313e+08
1.7359e+08
1.7359e+08
1.7359e+08
1.7359e+08
1.7359e+08
1.76867e+08
1.76867e+08
1.7359e+08
1.7359e+08
1.76867e+08
1.6376e+08
1.6376e+08
1.6376e+08
1.6376e+08
1.6376e+08
1.6376e+08
1.6376e+08
1.6376e+08
1.6376e+08
1.6376e+08
1.67036e+08
1.67036e+08
1.60483e+08
1.60483e+08
1.6376e+08
1.6376e+08
1.60483e+08
1.60483e+08
1.60483e+08
1.6376e+08
1.6376e+08
1.60483e+08
1.60483e+08
1.61302e+08
1.61302e+08
1.61302e+08
1.61302e+08
1.61302e+08
1.62121e+08
1.62121e+08
1.61302e+08
1.61302e+08
1.62121e+08
1.62121e+08
1.62121e+08
1.62121e+08
1.62121e+08
1.6294e+08
1.6294e+08
1.62121e+08
1.62121e+08
1.6376e+08
1.6376e+08
1.6376e+08
1.6376e+08
1.6376e+08
1.6376e+08
1.6376e+08
1.6376e+08
1.6376e+08
1.6376e+08
1.6376e+08
1.65398e+08
1.65398e+08
1.6376e+08
1.6376e+08
1.65398e+08
1.65398e+08
1.65398e+08
1.65398e+08
1.65398e+08
1.67036e+08
1.67036e+08
1.65398e+08
1.65398e+08
1.65808e+08
1.65808e+08
1.65808e+08
1.65808e+08
1.65808e+08
1.66217e+08
1.66217e+08
1.65808e+08
1.65808e+08
1.65808e+08
1.65808e+08
1.66217e+08
1.66217e+08
1.65808e+08
1.65808e+08
1.65812e+08
1.65812e+08
1.65812e+08
1.65812e+08
1.65812e+08
1.65812e+08
1.65812e+08
1.65812e+08
1.65812e+08
1.65812e+08
1.65812e+08
1.28944e+08
1.28944e+08
1.28944e+08
1.28944e+08
1.28948e+08
1.28948e+08
1.28944e+08
1.28944e+08
1.25671e+08
1.25671e+08
1.25671e+08
1.25671e+08
1.25671e+08
1.25671e+08
1.25671e+08
1.25671e+08
1.25671e+08
1.25671e+08
1.25671e+08
1.25671e+08
1.25671e+08
1.25671e+08
1.25671e+08
1.22394e+08
1.22394e+08
1.22394e+08
1.22394e+08
1.22394e+08
1.22394e+08
1.22394e+08
1.22395e+08
1.22395e+08
1.22395e+08
1.22395e+08
1.22395e+08
1.22395e+08
1.22395e+08
1.22394e+08
1.22394e+08
1.22394e+08
1.19118e+08
1.19118e+08
1.19118e+08
1.19118e+08
1.19118e+08
1.19118e+08
1.19118e+08
1.19118e+08
1.19118e+08
1.19118e+08
1.19118e+08
1.19118e+08
1.19118e+08
1.19118e+08
1.19118e+08
1.19118e+08
1.19122e+08
1.19122e+08
1.19118e+08
1.19118e+08
1.19118e+08
1.19118e+08
1.19118e+08
1.19158e+08
1.19568e+08
1.19568e+08
1.19569e+08
1.19569e+08
1.19569e+08
1.19569e+08
1.19569e+08
1.19569e+08
1.19568e+08
1.19978e+08
1.19978e+08
1.19978e+08
1.19978e+08
1.19978e+08
1.19568e+08
1.19609e+08
1.19609e+08
1.19609e+08
1.19609e+08
1.19609e+08
1.19568e+08
1.19568e+08
1.19568e+08
1.19568e+08
1.19568e+08
1.19568e+08
1.19568e+08
1.19978e+08
1.19978e+08
1.19568e+08
1.19609e+08
1.19609e+08
1.19568e+08
1.19568e+08
1.19568e+08
1.19568e+08
1.19568e+08
1.19609e+08
1.19609e+08
1.19568e+08
1.19568e+08
1.19568e+08
1.19568e+08
1.19568e+08
1.19568e+08
1.19978e+08
1.19978e+08
1.19568e+08
1.19568e+08
1.21207e+08
1.21207e+08
1.21207e+08
1.24483e+08
1.24483e+08
1.24483e+08
1.24483e+08
1.24483e+08
1.24483e+08
1.24483e+08
1.22845e+08
1.22845e+08
1.22435e+08
1.24074e+08
1.24074e+08
1.22435e+08
1.25712e+08
1.25712e+08
1.25303e+08
1.26941e+08
1.26941e+08
1.26941e+08
1.26941e+08
1.26941e+08
1.63809e+08
1.63809e+08
1.63809e+08
1.63809e+08
1.62171e+08
1.63809e+08
1.63809e+08
1.62171e+08
1.62171e+08
1.62171e+08
1.60532e+08
1.61351e+08
1.61556e+08
1.61556e+08
1.61556e+08
1.61556e+08
1.61556e+08
1.61556e+08
1.61556e+08
1.61556e+08
1.61556e+08
1.61556e+08
1.61556e+08
1.61556e+08
1.61556e+08
1.61556e+08
1.61556e+08
1.61556e+08
1.61556e+08
1.61556e+08
1.62376e+08
1.62376e+08
1.61556e+08
1.61761e+08
1.61761e+08
1.61556e+08
1.61557e+08
1.61557e+08
1.61556e+08
1.61556e+08
1.61761e+08
1.61761e+08
1.61556e+08
1.61557e+08
1.61557e+08
1.61556e+08
1.61556e+08
1.59918e+08
1.60737e+08
1.60737e+08
1.60737e+08
1.60737e+08
1.60737e+08
1.60737e+08
1.60737e+08
1.60737e+08
1.60737e+08
1.60737e+08
1.59918e+08
1.60737e+08
1.60737e+08
1.59918e+08
1.59918e+08
1.59918e+08
1.59099e+08
1.62376e+08
1.62376e+08
1.62376e+08
1.62376e+08
1.62376e+08
1.62376e+08
1.62376e+08
1.62376e+08
1.62376e+08
1.62376e+08
1.59099e+08
1.59099e+08
1.5828e+08
1.61556e+08
1.61556e+08
1.5828e+08
1.5828e+08
1.5828e+08
1.5746e+08
1.60737e+08
1.60737e+08
1.60737e+08
1.60737e+08
1.60737e+08
1.60737e+08
1.60737e+08
1.60737e+08
1.60737e+08
1.5746e+08
1.60737e+08
1.60737e+08
1.5746e+08
1.5746e+08
1.60737e+08
1.5746e+08
1.60737e+08
1.6084e+08
1.6084e+08
1.6084e+08
1.6084e+08
1.6084e+08
1.6084e+08
1.6084e+08
1.6084e+08
1.6084e+08
1.6084e+08
1.6084e+08
1.6084e+08
1.6084e+08
1.6084e+08
1.6084e+08
1.6084e+08
1.6084e+08
1.6084e+08
1.64117e+08
1.64117e+08
1.6084e+08
1.60942e+08
1.60942e+08
1.6084e+08
1.64117e+08
1.64117e+08
1.64117e+08
1.64117e+08
1.64219e+08
1.67496e+08
1.67393e+08
1.67394e+08
1.67394e+08
1.67393e+08
1.67393e+08
1.64117e+08
1.67393e+08
1.80501e+08
1.80501e+08
1.80501e+08
1.80501e+08
1.80501e+08
1.80501e+08
1.80501e+08
1.80501e+08
1.80501e+08
1.77224e+08
1.77224e+08
1.73947e+08
1.77224e+08
1.77224e+08
1.73947e+08
1.73947e+08
1.73947e+08
1.7067e+08
1.73947e+08
1.73947e+08
1.73947e+08
1.73947e+08
1.73947e+08
1.73947e+08
1.73947e+08
1.73947e+08
1.77224e+08
1.77224e+08
1.73947e+08
1.73947e+08
1.73947e+08
1.7067e+08
1.83777e+08
1.83777e+08
1.83777e+08
1.83777e+08
1.83777e+08
1.83777e+08
1.83777e+08
1.83777e+08
1.83777e+08
1.83777e+08
1.7067e+08
1.7067e+08
1.67393e+08
1.80501e+08
1.80501e+08
1.67393e+08
1.67393e+08
1.67393e+08
1.64117e+08
1.65345e+08
1.65355e+08
1.65355e+08
1.65355e+08
1.65355e+08
1.65355e+08
1.65355e+08
1.65355e+08
1.65355e+08
1.65355e+08
1.65355e+08
1.65355e+08
1.65355e+08
1.65355e+08
1.65355e+08
1.65355e+08
1.65355e+08
1.65355e+08
1.65355e+08
1.66584e+08
1.66584e+08
1.65355e+08
1.65365e+08
1.65365e+08
1.65355e+08
1.65355e+08
1.65355e+08
1.65355e+08
1.65355e+08
1.65365e+08
1.65365e+08
1.65355e+08
1.65355e+08
1.65355e+08
1.65355e+08
1.65355e+08
1.52248e+08
1.52248e+08
1.51019e+08
1.51019e+08
1.51019e+08
1.51015e+08
1.51015e+08
1.51015e+08
1.51015e+08
1.51011e+08
1.51011e+08
1.5097e+08
1.5097e+08
1.5097e+08
1.5097e+08
1.50765e+08
1.50765e+08
1.50765e+08
1.50765e+08
1.50662e+08
1.50662e+08
1.50662e+08
1.50662e+08
1.50652e+08
1.50662e+08
1.50662e+08
1.50652e+08
1.50653e+08
1.50653e+08
1.50652e+08
1.50755e+08
1.50755e+08
1.50652e+08
1.50653e+08
1.50653e+08
1.50652e+08
1.50857e+08
1.50857e+08
1.50652e+08
1.50653e+08
1.50653e+08
1.50652e+08
1.50693e+08
1.50693e+08
1.50652e+08
1.50652e+08
1.50652e+08
1.50652e+08
1.50652e+08
1.50652e+08
1.50652e+08
1.50652e+08
1.50652e+08
1.50652e+08
1.50652e+08
1.50652e+08
1.50652e+08
1.50652e+08
1.50652e+08
1.50652e+08
1.50652e+08
1.50652e+08
1.50652e+08
1.50652e+08
1.50652e+08
1.50652e+08
1.50652e+08
1.50652e+08
1.50652e+08
1.50652e+08
1.50652e+08
1.50652e+08
1.50652e+08
1.50652e+08
1.50652e+08
1.50652e+08
1.50652e+08
1.50652e+08
1.50652e+08
1.50652e+08
1.50652e+08
1.50652e+08
1.50652e+08
1.50652e+08
1.50652e+08
1.50652e+08
1.50652e+08
1.50652e+08
1.50652e+08
1.50652e+08
1.50652e+08
1.50652e+08
1.50652e+08
1.50652e+08
1.50652e+08
1.50652e+08
1.50652e+08
1.50652e+08
1.50652e+08
1.50652e+08
1.50652e+08
1.50652e+08
1.50652e+08
1.50652e+08
1.50652e+08
1.50652e+08
1.50652e+08
1.50652e+08
1.50652e+08
1.50652e+08
1.50652e+08
1.50652e+08
1.50652e+08
1.50652e+08
1.50652e+08
1.50652e+08
