-436 2 0x20b2de0 400
-433 3 0x20b2de0 400
-426 2 0x20b2de0 400
-424 3 0x20b2de0 400
-417 2 0x20b2de0 400
-1 4 0x20b2de0 400
176 2 0x20b2de0 400
179 3 0x20b2de0 400
186 2 0x20b2de0 400
188 3 0x20b2de0 400
195 2 0x20b2de0 400
611 4 0x20b2de0 400
788 2 0x20b2de0 400
791 3 0x20b2de0 400
798 2 0x20b2de0 400
800 3 0x20b2de0 400
807 2 0x20b2de0 400
1223 4 0x20b2de0 400
-608 2 0x20b3420 1228800
-604 3 0x20b3420 1228800
-144 2 0x20b3420 1228800
-138 3 0x20b3420 1228800
-2 4 0x20b3420 1228800
4 2 0x20b3420 1228800
8 3 0x20b3420 1228800
468 2 0x20b3420 1228800
474 3 0x20b3420 1228800
610 4 0x20b3420 1228800
616 2 0x20b3420 1228800
620 3 0x20b3420 1228800
1080 2 0x20b3420 1228800
1086 3 0x20b3420 1228800
1222 4 0x20b3420 1228800
-41 2 0x20b37e0 128
-40 4 0x20b37e0 128
-38 4 0x20b37e0 128
-36 2 0x20b37e0 128
571 2 0x20b37e0 128
572 4 0x20b37e0 128
574 4 0x20b37e0 128
576 2 0x20b37e0 128
1183 2 0x20b37e0 128
1184 4 0x20b37e0 128
1186 4 0x20b37e0 128
1188 2 0x20b37e0 128
-522 2 0x2122960 256
-521 3 0x2122960 256
-21 2 0x2122960 256
-19 4 0x2122960 256
90 2 0x2122960 256
91 3 0x2122960 256
591 2 0x2122960 256
593 4 0x2122960 256
702 2 0x2122960 256
703 3 0x2122960 256
1203 2 0x2122960 256
1205 4 0x2122960 256
-564 2 0x2124610 128
-563 3 0x2124610 128
-37 2 0x2124610 128
-35 4 0x2124610 128
48 2 0x2124610 128
49 3 0x2124610 128
575 2 0x2124610 128
577 4 0x2124610 128
660 2 0x2124610 128
661 3 0x2124610 128
1187 2 0x2124610 128
1189 4 0x2124610 128
-567 2 0x2124c10 102400
-560 3 0x2124c10 102400
-229 2 0x2124c10 102400
-223 3 0x2124c10 102400
-50 2 0x2124c10 102400
-44 2 0x2124c10 102400
-42 4 0x2124c10 102400
45 2 0x2124c10 102400
52 3 0x2124c10 102400
383 2 0x2124c10 102400
389 3 0x2124c10 102400
562 2 0x2124c10 102400
568 2 0x2124c10 102400
570 4 0x2124c10 102400
657 2 0x2124c10 102400
664 3 0x2124c10 102400
995 2 0x2124c10 102400
1001 3 0x2124c10 102400
1174 2 0x2124c10 102400
1180 2 0x2124c10 102400
1182 4 0x2124c10 102400
-606 2 0x2131dd0 128
-605 3 0x2131dd0 128
-53 2 0x2131dd0 128
-51 4 0x2131dd0 128
6 2 0x2131dd0 128
7 3 0x2131dd0 128
559 2 0x2131dd0 128
561 4 0x2131dd0 128
618 2 0x2131dd0 128
619 3 0x2131dd0 128
1171 2 0x2131dd0 128
1173 4 0x2131dd0 128
-106 4 0x213f4a0 40960
-105 -1 0x213f4a0 40960
-89 1 0x21413c0 128
-88 4 0x21413c0 128
-87 -1 0x21413c0 128
-68 4 0x2141450 40
-67 -1 0x2141450 40
-102 4 0x2141b20 204800
-101 -1 0x2141b20 204800
-83 1 0x2141b20 128
-82 4 0x2141b20 128
-81 -1 0x2141b20 128
-80 1 0x2141b20 204800
-79 4 0x2141b20 204800
-78 -1 0x2141b20 204800
-57 2 0x2143a80 128
-56 4 0x2143a80 128
-54 4 0x2143a80 128
-52 2 0x2143a80 128
555 2 0x2143a80 128
556 4 0x2143a80 128
558 4 0x2143a80 128
560 2 0x2143a80 128
1167 2 0x2143a80 128
1168 4 0x2143a80 128
1170 4 0x2143a80 128
1172 2 0x2143a80 128
-612 1 0x2143c00 13107200
-611 4 0x2143c00 13107200
-607 4 0x2143c00 13107200
-603 3 0x2143c00 13107200
-598 2 0x2143c00 13107200
-595 2 0x2143c00 13107200
-594 3 0x2143c00 13107200
-169 2 0x2143c00 13107200
-163 3 0x2143c00 13107200
-162 4 0x2143c00 13107200
-161 -1 0x2143c00 13107200
-64 2 0x21447a0 9600
-63 4 0x21447a0 9600
-61 4 0x21447a0 9600
-59 2 0x21447a0 9600
548 2 0x21447a0 9600
549 4 0x21447a0 9600
551 4 0x21447a0 9600
553 2 0x21447a0 9600
1160 2 0x21447a0 9600
1161 4 0x21447a0 9600
1163 4 0x21447a0 9600
1165 2 0x21447a0 9600
-9 2 0x2144950 40
-8 4 0x2144950 40
-6 4 0x2144950 40
-4 2 0x2144950 40
603 2 0x2144950 40
604 4 0x2144950 40
606 4 0x2144950 40
608 2 0x2144950 40
1215 2 0x2144950 40
1216 4 0x2144950 40
1218 4 0x2144950 40
1220 2 0x2144950 40
-588 1 0x2145c50 3276800
-587 4 0x2145c50 3276800
-584 3 0x2145c50 3276800
-580 2 0x2145c50 3276800
-577 2 0x2145c50 3276800
-576 3 0x2145c50 3276800
-202 2 0x2145c50 3276800
-197 3 0x2145c50 3276800
-195 4 0x2145c50 3276800
-194 -1 0x2145c50 3276800
-120 1 0x2145c50 128
-119 4 0x2145c50 128
-118 -1 0x2145c50 128
-601 1 0x2145e30 13107200
-600 4 0x2145e30 13107200
-599 -1 0x2145e30 13107200
-241 1 0x21463c0 3276800
-232 4 0x21463c0 3276800
-225 3 0x21463c0 3276800
-213 2 0x21463c0 3276800
-201 2 0x21463c0 3276800
-199 3 0x21463c0 3276800
-187 4 0x21463c0 3276800
-186 -1 0x21463c0 3276800
-592 1 0x21463f0 3276800
-591 4 0x21463f0 3276800
-590 -1 0x21463f0 3276800
-185 1 0x21463f0 3276800
-184 4 0x21463f0 3276800
-180 3 0x21463f0 3276800
-174 2 0x21463f0 3276800
-168 2 0x21463f0 3276800
-166 3 0x21463f0 3276800
-154 4 0x21463f0 3276800
-153 -1 0x21463f0 3276800
-263 1 0x2146420 3276800
-262 4 0x2146420 3276800
-261 -1 0x2146420 3276800
-583 1 0x2146450 3276800
-582 4 0x2146450 3276800
-581 -1 0x2146450 3276800
-171 1 0x2146450 13107200
-170 4 0x2146450 13107200
-165 3 0x2146450 13107200
-155 2 0x2146450 13107200
-148 2 0x2146450 13107200
-145 2 0x2146450 13107200
-141 2 0x2146450 13107200
-135 3 0x2146450 13107200
-117 4 0x2146450 13107200
-116 -1 0x2146450 13107200
-247 1 0x2146480 3276800
-246 4 0x2146480 3276800
-245 -1 0x2146480 3276800
-239 1 0x2146480 128
-238 4 0x2146480 128
-228 3 0x2146480 128
-39 2 0x2146480 128
512 4 0x2146480 128
513 -1 0x2146480 128
526 1 0x2146480 102400
527 4 0x2146480 102400
528 -1 0x2146480 102400
15 1 0x2146640 3276800
16 4 0x2146640 3276800
19 3 0x2146640 3276800
23 2 0x2146640 3276800
26 2 0x2146640 3276800
27 3 0x2146640 3276800
429 2 0x2146640 3276800
431 2 0x2146640 3276800
434 3 0x2146640 3276800
445 2 0x2146640 3276800
448 3 0x2146640 3276800
452 4 0x2146640 3276800
453 -1 0x2146640 3276800
454 1 0x2146640 13107200
455 4 0x2146640 13107200
456 -1 0x2146640 13107200
-532 1 0x2146670 819200
-531 4 0x2146670 819200
-530 -1 0x2146670 819200
523 1 0x2146670 128
524 4 0x2146670 128
525 -1 0x2146670 128
538 1 0x2146670 40960
539 4 0x2146670 40960
540 -1 0x2146670 40960
-513 1 0x21466a0 1638400
-512 4 0x21466a0 1638400
-509 3 0x21466a0 1638400
-505 2 0x21466a0 1638400
-502 2 0x21466a0 1638400
-501 3 0x21466a0 1638400
-363 2 0x21466a0 1638400
-357 3 0x21466a0 1638400
-356 4 0x21466a0 1638400
-355 -1 0x21466a0 1638400
-305 1 0x21466a0 256
-304 4 0x21466a0 256
-303 -1 0x21466a0 256
-123 1 0x2146810 9600
-122 4 0x2146810 9600
-121 -1 0x2146810 9600
-346 1 0x2146840 1638400
-345 4 0x2146840 1638400
-341 3 0x2146840 1638400
-333 2 0x2146840 1638400
-326 2 0x2146840 1638400
-323 2 0x2146840 1638400
-319 2 0x2146840 1638400
-313 3 0x2146840 1638400
-295 4 0x2146840 1638400
-294 -1 0x2146840 1638400
-240 1 0x2146840 102400
-236 4 0x2146840 102400
-226 3 0x2146840 102400
-49 4 0x2146840 102400
-46 2 0x2146840 102400
514 4 0x2146840 102400
515 -1 0x2146840 102400
-574 1 0x2146870 3276800
-573 4 0x2146870 3276800
-572 -1 0x2146870 3276800
-152 1 0x2146870 1228800
-143 4 0x2146870 1228800
-136 3 0x2146870 1228800
-124 2 0x2146870 1228800
-115 4 0x2146870 1228800
-114 -1 0x2146870 1228800
-384 1 0x21469a0 40960
-383 4 0x21469a0 40960
-382 -1 0x21469a0 40960
-485 1 0x2146cc0 400
-484 4 0x2146cc0 400
-483 2 0x2146cc0 400
-480 4 0x2146cc0 400
-479 -1 0x2146cc0 400
-537 1 0x2146dc0 819200
-536 4 0x2146dc0 819200
-533 3 0x2146dc0 819200
-529 2 0x2146dc0 819200
-524 2 0x2146dc0 819200
-520 3 0x2146dc0 819200
-322 2 0x2146dc0 819200
-316 3 0x2146dc0 819200
-289 2 0x2146dc0 819200
-285 3 0x2146dc0 819200
-284 4 0x2146dc0 819200
-283 -1 0x2146dc0 819200
-559 1 0x2146e50 3276800
-558 4 0x2146e50 3276800
-557 -1 0x2146e50 3276800
-204 1 0x2146e50 3276800
-203 4 0x2146e50 3276800
-198 3 0x2146e50 3276800
-188 2 0x2146e50 3276800
-182 2 0x2146e50 3276800
-179 3 0x2146e50 3276800
-173 4 0x2146e50 3276800
-172 -1 0x2146e50 3276800
-130 1 0x2146e80 9600
-129 4 0x2146e80 9600
-128 -1 0x2146e80 9600
-219 1 0x2146eb0 102400
-218 4 0x2146eb0 102400
-217 -1 0x2146eb0 102400
-550 1 0x2146ee0 3276800
-549 4 0x2146ee0 3276800
-548 -1 0x2146ee0 3276800
-546 1 0x2146ee0 819200
-545 4 0x2146ee0 819200
-542 3 0x2146ee0 819200
-538 2 0x2146ee0 819200
-535 2 0x2146ee0 819200
-534 3 0x2146ee0 819200
-291 2 0x2146ee0 819200
-286 3 0x2146ee0 819200
-272 2 0x2146ee0 819200
-269 3 0x2146ee0 819200
-265 4 0x2146ee0 819200
-264 -1 0x2146ee0 819200
-216 1 0x2147050 128
-215 4 0x2147050 128
-214 -1 0x2147050 128
-541 1 0x2147080 819200
-540 4 0x2147080 819200
-539 -1 0x2147080 819200
-257 1 0x2147080 3276800
-256 4 0x2147080 3276800
-252 3 0x2147080 3276800
-244 2 0x2147080 3276800
-237 2 0x2147080 3276800
-234 2 0x2147080 3276800
-230 2 0x2147080 3276800
-224 3 0x2147080 3276800
-206 4 0x2147080 3276800
-205 -1 0x2147080 3276800
-282 1 0x21471f0 819200
-281 4 0x21471f0 819200
-280 -1 0x21471f0 819200
-499 1 0x2147260 409600
-498 4 0x2147260 409600
-497 -1 0x2147260 409600
-474 1 0x21472f0 4000
-473 4 0x21472f0 4000
-472 -1 0x21472f0 4000
-470 1 0x21472f0 4000
-468 4 0x21472f0 4000
-466 2 0x21472f0 4000
-460 4 0x21472f0 4000
-457 2 0x21472f0 4000
-456 4 0x21472f0 4000
-453 2 0x21472f0 4000
-445 2 0x21472f0 4000
-443 4 0x21472f0 4000
-437 2 0x21472f0 4000
-432 3 0x21472f0 4000
-427 2 0x21472f0 4000
-425 4 0x21472f0 4000
-423 3 0x21472f0 4000
-419 2 0x21472f0 4000
-418 4 0x21472f0 4000
-410 2 0x21472f0 4000
-404 2 0x21472f0 4000
-397 2 0x21472f0 4000
-389 3 0x21472f0 4000
-108 4 0x21472f0 4000
-107 -1 0x21472f0 4000
-517 1 0x2147520 1638400
-516 4 0x2147520 1638400
-515 -1 0x2147520 1638400
-293 1 0x2147520 819200
-292 4 0x2147520 819200
-287 3 0x2147520 819200
-279 2 0x2147520 819200
-273 2 0x2147520 819200
-271 3 0x2147520 819200
-259 4 0x2147520 819200
-258 -1 0x2147520 819200
-330 1 0x2147550 819200
-321 4 0x2147550 819200
-314 3 0x2147550 819200
-302 2 0x2147550 819200
-290 2 0x2147550 819200
-288 3 0x2147550 819200
-278 4 0x2147550 819200
-277 -1 0x2147550 819200
-508 1 0x21475f0 1638400
-507 4 0x21475f0 1638400
-506 -1 0x21475f0 1638400
-504 1 0x21475f0 409600
-503 4 0x21475f0 409600
-500 3 0x21475f0 409600
-496 2 0x21475f0 409600
-495 3 0x21475f0 409600
-494 3 0x21475f0 409600
-490 2 0x21475f0 409600
-488 2 0x21475f0 409600
-476 3 0x21475f0 409600
-398 2 0x21475f0 409600
-388 3 0x21475f0 409600
-361 2 0x21475f0 409600
-358 3 0x21475f0 409600
-354 4 0x21475f0 409600
-353 -1 0x21475f0 409600
-352 1 0x21475f0 1638400
-351 4 0x21475f0 1638400
-350 -1 0x21475f0 1638400
-311 1 0x21475f0 819200
-310 4 0x21475f0 819200
-309 -1 0x21475f0 819200
-276 1 0x21475f0 3276800
-275 4 0x21475f0 3276800
-270 3 0x21475f0 3276800
-260 2 0x21475f0 3276800
-254 2 0x21475f0 3276800
-251 3 0x21475f0 3276800
-243 4 0x21475f0 3276800
-242 -1 0x21475f0 3276800
-412 1 0x2147800 400
-411 4 0x2147800 400
-409 2 0x2147800 400
-407 4 0x2147800 400
-406 -1 0x2147800 400
-405 1 0x2147800 409600
-402 4 0x2147800 409600
-391 3 0x2147800 409600
-378 2 0x2147800 409600
-371 3 0x2147800 409600
-370 3 0x2147800 409600
-366 2 0x2147800 409600
-362 2 0x2147800 409600
-360 3 0x2147800 409600
-348 4 0x2147800 409600
-347 -1 0x2147800 409600
-387 1 0x2147d90 409600
-386 4 0x2147d90 409600
-385 -1 0x2147d90 409600
-329 1 0x2147d90 204800
-325 4 0x2147d90 204800
-315 3 0x2147d90 204800
-33 4 0x2147d90 204800
-30 2 0x2147d90 204800
510 4 0x2147d90 204800
511 -1 0x2147d90 204800
529 1 0x2147d90 128
530 4 0x2147d90 128
531 -1 0x2147d90 128
532 1 0x2147d90 204800
533 4 0x2147d90 204800
534 -1 0x2147d90 204800
-365 1 0x2147dc0 1638400
-364 4 0x2147dc0 1638400
-359 3 0x2147dc0 1638400
-349 2 0x2147dc0 1638400
-343 2 0x2147dc0 1638400
-340 3 0x2147dc0 1638400
-332 4 0x2147dc0 1638400
-331 -1 0x2147dc0 1638400
-222 1 0x2147dc0 3276800
-221 4 0x2147dc0 3276800
-220 -1 0x2147dc0 3276800
-127 1 0x2147dc0 128
-126 4 0x2147dc0 128
-125 -1 0x2147dc0 128
-489 1 0x2148140 4000
-486 4 0x2148140 4000
-481 4 0x2148140 4000
-475 3 0x2148140 4000
-471 2 0x2148140 4000
-469 2 0x2148140 4000
-434 3 0x2148140 4000
-416 2 0x2148140 4000
-112 4 0x2148140 4000
-111 -1 0x2148140 4000
-308 1 0x2148170 204800
-307 4 0x2148170 204800
-306 -1 0x2148170 204800
-493 1 0x21481a0 409600
-492 4 0x21481a0 409600
-491 -1 0x21481a0 409600
-430 1 0x21485e0 400
-429 4 0x21485e0 400
-428 -1 0x21485e0 400
-467 1 0x2148bd0 400
-465 4 0x2148bd0 400
-462 2 0x2148bd0 400
-451 4 0x2148bd0 400
-447 2 0x2148bd0 400
-440 4 0x2148bd0 400
-439 -1 0x2148bd0 400
-438 1 0x2148c00 400
-435 4 0x2148c00 400
-431 3 0x2148c00 400
-113 2 0x2148c00 400
-110 4 0x2148c00 400
-109 -1 0x2148c00 400
-464 1 0x2148c60 40
-463 4 0x2148c60 40
-461 2 0x2148c60 40
-459 4 0x2148c60 40
-458 -1 0x2148c60 40
-455 1 0x2148c60 40
-454 4 0x2148c60 40
-452 2 0x2148c60 40
-450 4 0x2148c60 40
-449 -1 0x2148c60 40
-448 1 0x2148c60 400
-446 4 0x2148c60 400
-444 2 0x2148c60 400
-442 4 0x2148c60 400
-441 -1 0x2148c60 400
-415 1 0x2149120 40960
-395 4 0x2149120 40960
-394 -1 0x2149120 40960
-422 1 0x21491b0 4000
-421 4 0x21491b0 4000
-420 -1 0x21491b0 4000
-381 1 0x21499d0 40
-380 4 0x21499d0 40
-379 -1 0x21499d0 40
-133 1 0x21499d0 1228800
-132 4 0x21499d0 1228800
-131 -1 0x21499d0 1228800
-377 1 0x2149a00 40960
-376 4 0x2149a00 40960
-375 -1 0x2149a00 40960
-150 1 0x214a000 128
-149 4 0x214a000 128
-139 3 0x214a000 128
-55 2 0x214a000 128
516 4 0x214a000 128
517 -1 0x214a000 128
520 1 0x214a000 9600
521 4 0x214a000 9600
522 -1 0x214a000 9600
-374 1 0x214a030 40
-373 4 0x214a030 40
-372 -1 0x214a030 40
-369 1 0x214a060 409600
-368 4 0x214a060 409600
-367 -1 0x214a060 409600
-209 1 0x214a060 128
-208 4 0x214a060 128
-207 -1 0x214a060 128
-298 1 0x214a2d0 256
-297 4 0x214a2d0 256
-296 -1 0x214a2d0 256
-301 1 0x214a330 204800
-300 4 0x214a330 204800
-299 -1 0x214a330 204800
1135 1 0x214aeb0 128
1136 4 0x214aeb0 128
1137 -1 0x214aeb0 128
-414 1 0x214aee0 409600
-401 4 0x214aee0 409600
-400 -1 0x214aee0 409600
-399 1 0x214aee0 40960
-396 4 0x214aee0 40960
-392 3 0x214aee0 40960
-17 4 0x214aee0 40960
-14 2 0x214aee0 40960
506 4 0x214aee0 40960
507 -1 0x214aee0 40960
-413 1 0x214af40 40
-408 4 0x214af40 40
-393 3 0x214af40 40
-7 2 0x214af40 40
544 4 0x214af40 40
545 -1 0x214af40 40
460 1 0x214c450 1228800
469 4 0x214c450 1228800
476 3 0x214c450 1228800
488 2 0x214c450 1228800
497 4 0x214c450 1228800
498 -1 0x214c450 1228800
427 1 0x214eed0 3276800
428 4 0x214eed0 3276800
432 3 0x214eed0 3276800
438 2 0x214eed0 3276800
444 2 0x214eed0 3276800
446 3 0x214eed0 3276800
458 4 0x214eed0 3276800
459 -1 0x214eed0 3276800
11 1 0x214f340 13107200
12 4 0x214f340 13107200
13 -1 0x214f340 13107200
24 1 0x214f370 3276800
25 4 0x214f370 3276800
28 3 0x214f370 3276800
32 2 0x214f370 3276800
35 2 0x214f370 3276800
36 3 0x214f370 3276800
410 2 0x214f370 3276800
415 3 0x214f370 3276800
417 4 0x214f370 3276800
418 -1 0x214f370 3276800
71 1 0x214f580 819200
72 4 0x214f580 819200
73 -1 0x214f580 819200
0 1 0x214f750 13107200
1 4 0x214f750 13107200
5 4 0x214f750 13107200
9 3 0x214f750 13107200
14 2 0x214f750 13107200
17 2 0x214f750 13107200
18 3 0x214f750 13107200
443 2 0x214f750 13107200
449 3 0x214f750 13107200
450 4 0x214f750 13107200
451 -1 0x214f750 13107200
-570 1 0x214fc30 3276800
-569 4 0x214fc30 3276800
-565 4 0x214fc30 3276800
-561 3 0x214fc30 3276800
-556 2 0x214fc30 3276800
-553 2 0x214fc30 3276800
-552 3 0x214fc30 3276800
-255 2 0x214fc30 3276800
-253 2 0x214fc30 3276800
-250 3 0x214fc30 3276800
-249 4 0x214fc30 3276800
-248 -1 0x214fc30 3276800
-555 1 0x21502d0 3276800
-554 4 0x21502d0 3276800
-551 3 0x21502d0 3276800
-547 2 0x21502d0 3276800
-544 2 0x21502d0 3276800
-543 3 0x21502d0 3276800
-274 2 0x21502d0 3276800
-268 3 0x21502d0 3276800
-267 4 0x21502d0 3276800
-266 -1 0x21502d0 3276800
-212 1 0x21502d0 102400
-211 4 0x21502d0 102400
-210 -1 0x21502d0 102400
-528 1 0x2150300 1638400
-527 4 0x2150300 1638400
-523 4 0x2150300 1638400
-519 3 0x2150300 1638400
-514 2 0x2150300 1638400
-511 2 0x2150300 1638400
-510 3 0x2150300 1638400
-344 2 0x2150300 1638400
-342 2 0x2150300 1638400
-339 3 0x2150300 1638400
-338 4 0x2150300 1638400
-337 -1 0x2150300 1638400
-336 1 0x2150300 1638400
-335 4 0x2150300 1638400
-334 -1 0x2150300 1638400
-328 1 0x2150300 256
-327 4 0x2150300 256
-317 3 0x2150300 256
-23 2 0x2150300 256
508 4 0x2150300 256
509 -1 0x2150300 256
535 1 0x2150300 256
536 4 0x2150300 256
537 -1 0x2150300 256
225 1 0x21516f0 409600
226 4 0x21516f0 409600
227 -1 0x21516f0 409600
235 1 0x21516f0 40960
236 4 0x21516f0 40960
237 -1 0x21516f0 40960
200 1 0x2151900 400
201 4 0x2151900 400
203 2 0x2151900 400
205 4 0x2151900 400
206 -1 0x2151900 400
207 1 0x2151900 409600
210 4 0x2151900 409600
221 3 0x2151900 409600
234 2 0x2151900 409600
241 3 0x2151900 409600
242 3 0x2151900 409600
246 2 0x2151900 409600
250 2 0x2151900 409600
252 3 0x2151900 409600
264 4 0x2151900 409600
265 -1 0x2151900 409600
393 1 0x2151900 102400
394 4 0x2151900 102400
395 -1 0x2151900 102400
238 1 0x2151f90 40
239 4 0x2151f90 40
240 -1 0x2151f90 40
243 1 0x2151f90 409600
244 4 0x2151f90 409600
245 -1 0x2151f90 409600
462 1 0x2152340 128
463 4 0x2152340 128
473 3 0x2152340 128
557 2 0x2152340 128
1128 4 0x2152340 128
1129 -1 0x2152340 128
1132 1 0x2152340 9600
1133 4 0x2152340 9600
1134 -1 0x2152340 9600
198 1 0x2152880 409600
211 4 0x2152880 409600
212 -1 0x2152880 409600
213 1 0x2152880 40960
216 4 0x2152880 40960
220 3 0x2152880 40960
595 4 0x2152880 40960
598 2 0x2152880 40960
1118 4 0x2152880 40960
1119 -1 0x2152880 40960
199 1 0x21528e0 40
204 4 0x21528e0 40
219 3 0x21528e0 40
605 2 0x21528e0 40
1156 4 0x21528e0 40
1157 -1 0x21528e0 40
373 1 0x2152eb0 128
374 4 0x2152eb0 128
384 3 0x2152eb0 128
573 2 0x2152eb0 128
1124 4 0x2152eb0 128
1125 -1 0x2152eb0 128
1141 1 0x2152eb0 128
1142 4 0x2152eb0 128
1143 -1 0x2152eb0 128
1144 1 0x2152eb0 204800
1145 4 0x2152eb0 204800
1146 -1 0x2152eb0 204800
837 1 0x21543c0 409600
838 4 0x21543c0 409600
839 -1 0x21543c0 409600
847 1 0x21543c0 40960
848 4 0x21543c0 40960
849 -1 0x21543c0 40960
895 1 0x21543c0 204800
899 4 0x21543c0 204800
909 3 0x21543c0 204800
1191 4 0x21543c0 204800
1194 2 0x21543c0 204800
1033 1 0x2154850 3276800
1034 4 0x2154850 3276800
1035 -1 0x2154850 3276800
1047 1 0x2154850 3276800
1048 4 0x2154850 3276800
1049 -1 0x2154850 3276800
1101 1 0x2154850 9600
1102 4 0x2154850 9600
1103 -1 0x2154850 9600
-158 1 0x2156790 13107200
-157 4 0x2156790 13107200
-156 -1 0x2156790 13107200
-610 4 0x21ac080 111476740
-146 4 0x21ac080 111476740
-142 4 0x21ac080 111476740
2 4 0x21ac080 111476740
466 4 0x21ac080 111476740
470 4 0x21ac080 111476740
614 4 0x21ac080 111476740
1078 4 0x21ac080 111476740
1082 4 0x21ac080 111476740
-568 4 0x2219ad0 36868100
-235 4 0x2219ad0 36868100
-231 4 0x2219ad0 36868100
44 4 0x2219ad0 36868100
377 4 0x2219ad0 36868100
381 4 0x2219ad0 36868100
656 4 0x2219ad0 36868100
989 4 0x2219ad0 36868100
993 4 0x2219ad0 36868100
-526 4 0x221a120 3428
-324 4 0x221a120 3428
-320 4 0x221a120 3428
86 4 0x221a120 3428
288 4 0x221a120 3428
292 4 0x221a120 3428
698 4 0x221a120 3428
900 4 0x221a120 3428
904 4 0x221a120 3428
-96 4 0x221a350 128
-95 -1 0x221a350 128
-74 1 0x221a350 40960
-73 4 0x221a350 40960
-72 -1 0x221a350 40960
-25 2 0x221a960 256
-24 4 0x221a960 256
-22 4 0x221a960 256
-20 2 0x221a960 256
587 2 0x221a960 256
588 4 0x221a960 256
590 4 0x221a960 256
592 2 0x221a960 256
1199 2 0x221a960 256
1200 4 0x221a960 256
1202 4 0x221a960 256
1204 2 0x221a960 256
-32 2 0x221cba0 204800
-31 4 0x221cba0 204800
-29 4 0x221cba0 204800
-27 2 0x221cba0 204800
580 2 0x221cba0 204800
581 4 0x221cba0 204800
583 4 0x221cba0 204800
585 2 0x221cba0 204800
1192 2 0x221cba0 204800
1193 4 0x221cba0 204800
1195 4 0x221cba0 204800
1197 2 0x221cba0 204800
-94 4 0x221e470 9600
-93 -1 0x221e470 9600
-104 4 0x221e4e0 256
-103 -1 0x221e4e0 256
-98 4 0x221e760 102400
-97 -1 0x221e760 102400
-92 1 0x221e760 9600
-91 4 0x221e760 9600
-90 -1 0x221e760 9600
-77 1 0x221e970 256
-76 4 0x221e970 256
-75 -1 0x221e970 256
-71 1 0x221e970 40
-70 4 0x221e970 40
-69 -1 0x221e970 40
-100 4 0x221ed80 128
-99 -1 0x221ed80 128
-86 1 0x221ed80 102400
-85 4 0x221ed80 102400
-84 -1 0x221ed80 102400
-16 2 0x2220140 40960
-15 4 0x2220140 40960
-13 4 0x2220140 40960
-11 2 0x2220140 40960
596 2 0x2220140 40960
597 4 0x2220140 40960
599 4 0x2220140 40960
601 2 0x2220140 40960
1208 2 0x2220140 40960
1209 4 0x2220140 40960
1211 4 0x2220140 40960
1213 2 0x2220140 40960
-597 1 0x22223a0 3276800
-596 4 0x22223a0 3276800
-593 3 0x22223a0 3276800
-589 2 0x22223a0 3276800
-586 2 0x22223a0 3276800
-585 3 0x22223a0 3276800
-183 2 0x22223a0 3276800
-181 2 0x22223a0 3276800
-178 3 0x22223a0 3276800
-167 2 0x22223a0 3276800
-164 3 0x22223a0 3276800
-160 4 0x22223a0 3276800
-159 -1 0x22223a0 3276800
-151 1 0x22223a0 9600
-147 4 0x22223a0 9600
-137 3 0x22223a0 9600
-65 4 0x22223a0 9600
-62 2 0x22223a0 9600
518 4 0x22223a0 9600
519 -1 0x22223a0 9600
-579 1 0x2222470 3276800
-578 4 0x2222470 3276800
-575 3 0x2222470 3276800
-571 2 0x2222470 3276800
-566 2 0x2222470 3276800
-562 3 0x2222470 3276800
-233 2 0x2222470 3276800
-227 3 0x2222470 3276800
-200 2 0x2222470 3276800
-196 3 0x2222470 3276800
-193 4 0x2222470 3276800
-192 -1 0x2222470 3276800
-191 1 0x2222470 3276800
-190 4 0x2222470 3276800
-189 -1 0x2222470 3276800
-177 1 0x2222470 3276800
-176 4 0x2222470 3276800
-175 -1 0x2222470 3276800
-48 2 0x7fdfe8e01930 102400
-47 4 0x7fdfe8e01930 102400
-45 4 0x7fdfe8e01930 102400
-43 2 0x7fdfe8e01930 102400
564 2 0x7fdfe8e01930 102400
565 4 0x7fdfe8e01930 102400
567 4 0x7fdfe8e01930 102400
569 2 0x7fdfe8e01930 102400
1176 2 0x7fdfe8e01930 102400
1177 4 0x7fdfe8e01930 102400
1179 4 0x7fdfe8e01930 102400
1181 2 0x7fdfe8e01930 102400
843 1 0x7fdfe8e03380 40
844 4 0x7fdfe8e03380 40
845 -1 0x7fdfe8e03380 40
859 1 0x7fdfe8e03380 1638400
860 4 0x7fdfe8e03380 1638400
865 3 0x7fdfe8e03380 1638400
875 2 0x7fdfe8e03380 1638400
881 2 0x7fdfe8e03380 1638400
884 3 0x7fdfe8e03380 1638400
892 4 0x7fdfe8e03380 1638400
893 -1 0x7fdfe8e03380 1638400
1002 1 0x7fdfe8e03380 3276800
1003 4 0x7fdfe8e03380 3276800
1004 -1 0x7fdfe8e03380 3276800
1039 1 0x7fdfe8e03540 3276800
1040 4 0x7fdfe8e03540 3276800
1044 3 0x7fdfe8e03540 3276800
1050 2 0x7fdfe8e03540 3276800
1056 2 0x7fdfe8e03540 3276800
1058 3 0x7fdfe8e03540 3276800
1070 4 0x7fdfe8e03540 3276800
1071 -1 0x7fdfe8e03540 3276800
1072 1 0x7fdfe8e03540 1228800
1081 4 0x7fdfe8e03540 1228800
1088 3 0x7fdfe8e03540 1228800
1100 2 0x7fdfe8e03540 1228800
1109 4 0x7fdfe8e03540 1228800
1110 -1 0x7fdfe8e03540 1228800
632 1 0x7fdfe8e03570 3276800
633 4 0x7fdfe8e03570 3276800
634 -1 0x7fdfe8e03570 3276800
983 1 0x7fdfe8e03570 3276800
992 4 0x7fdfe8e03570 3276800
999 3 0x7fdfe8e03570 3276800
1011 2 0x7fdfe8e03570 3276800
1023 2 0x7fdfe8e03570 3276800
1025 3 0x7fdfe8e03570 3276800
1037 4 0x7fdfe8e03570 3276800
1038 -1 0x7fdfe8e03570 3276800
665 1 0x7fdfe8e03980 3276800
666 4 0x7fdfe8e03980 3276800
667 -1 0x7fdfe8e03980 3276800
888 1 0x7fdfe8e03980 1638400
889 4 0x7fdfe8e03980 1638400
890 -1 0x7fdfe8e03980 1638400
1091 1 0x7fdfe8e03af0 1228800
1092 4 0x7fdfe8e03af0 1228800
1093 -1 0x7fdfe8e03af0 1228800
1097 1 0x7fdfe8e03af0 128
1098 4 0x7fdfe8e03af0 128
1099 -1 0x7fdfe8e03af0 128
1008 1 0x7fdfe8e03b20 128
1009 4 0x7fdfe8e03b20 128
1010 -1 0x7fdfe8e03b20 128
641 1 0x7fdfe8e03c10 3276800
642 4 0x7fdfe8e03c10 3276800
643 -1 0x7fdfe8e03c10 3276800
645 1 0x7fdfe8e03c10 3276800
646 4 0x7fdfe8e03c10 3276800
649 3 0x7fdfe8e03c10 3276800
653 2 0x7fdfe8e03c10 3276800
658 2 0x7fdfe8e03c10 3276800
662 3 0x7fdfe8e03c10 3276800
991 2 0x7fdfe8e03c10 3276800
997 3 0x7fdfe8e03c10 3276800
1024 2 0x7fdfe8e03c10 3276800
1028 3 0x7fdfe8e03c10 3276800
1031 4 0x7fdfe8e03c10 3276800
1032 -1 0x7fdfe8e03c10 3276800
636 1 0x7fdfe8e03fe0 3276800
637 4 0x7fdfe8e03fe0 3276800
640 3 0x7fdfe8e03fe0 3276800
644 2 0x7fdfe8e03fe0 3276800
647 2 0x7fdfe8e03fe0 3276800
648 3 0x7fdfe8e03fe0 3276800
1022 2 0x7fdfe8e03fe0 3276800
1027 3 0x7fdfe8e03fe0 3276800
1029 4 0x7fdfe8e03fe0 3276800
1030 -1 0x7fdfe8e03fe0 3276800
894 1 0x7fdfe8e04650 819200
903 4 0x7fdfe8e04650 819200
910 3 0x7fdfe8e04650 819200
922 2 0x7fdfe8e04650 819200
934 2 0x7fdfe8e04650 819200
936 3 0x7fdfe8e04650 819200
946 4 0x7fdfe8e04650 819200
947 -1 0x7fdfe8e04650 819200
948 1 0x7fdfe8e04650 3276800
949 4 0x7fdfe8e04650 3276800
954 3 0x7fdfe8e04650 3276800
964 2 0x7fdfe8e04650 3276800
970 2 0x7fdfe8e04650 3276800
973 3 0x7fdfe8e04650 3276800
981 4 0x7fdfe8e04650 3276800
982 -1 0x7fdfe8e04650 3276800
1094 1 0x7fdfe8e04650 9600
1095 4 0x7fdfe8e04650 9600
1096 -1 0x7fdfe8e04650 9600
650 1 0x7fdfe8e048e0 3276800
651 4 0x7fdfe8e048e0 3276800
652 -1 0x7fdfe8e048e0 3276800
985 1 0x7fdfe8e048e0 128
986 4 0x7fdfe8e048e0 128
996 3 0x7fdfe8e048e0 128
1185 2 0x7fdfe8e048e0 128
669 1 0x7fdfe8e04910 3276800
670 4 0x7fdfe8e04910 3276800
673 3 0x7fdfe8e04910 3276800
677 2 0x7fdfe8e04910 3276800
680 2 0x7fdfe8e04910 3276800
681 3 0x7fdfe8e04910 3276800
950 2 0x7fdfe8e04910 3276800
956 3 0x7fdfe8e04910 3276800
957 4 0x7fdfe8e04910 3276800
958 -1 0x7fdfe8e04910 3276800
961 1 0x7fdfe8e04910 3276800
962 4 0x7fdfe8e04910 3276800
963 -1 0x7fdfe8e04910 3276800
984 1 0x7fdfe8e04910 102400
988 4 0x7fdfe8e04910 102400
998 3 0x7fdfe8e04910 102400
1175 4 0x7fdfe8e04910 102400
1178 2 0x7fdfe8e04910 102400
1104 1 0x7fdfe8e04940 128
1105 4 0x7fdfe8e04940 128
1106 -1 0x7fdfe8e04940 128
692 1 0x7fdfe8e04b30 819200
693 4 0x7fdfe8e04b30 819200
694 -1 0x7fdfe8e04b30 819200
750 1 0x7fdfe8e04b30 4000
751 4 0x7fdfe8e04b30 4000
752 -1 0x7fdfe8e04b30 4000
696 1 0x7fdfe8e04be0 1638400
697 4 0x7fdfe8e04be0 1638400
701 4 0x7fdfe8e04be0 1638400
705 3 0x7fdfe8e04be0 1638400
710 2 0x7fdfe8e04be0 1638400
713 2 0x7fdfe8e04be0 1638400
714 3 0x7fdfe8e04be0 1638400
880 2 0x7fdfe8e04be0 1638400
882 2 0x7fdfe8e04be0 1638400
885 3 0x7fdfe8e04be0 1638400
886 4 0x7fdfe8e04be0 1638400
887 -1 0x7fdfe8e04be0 1638400
896 1 0x7fdfe8e04be0 256
897 4 0x7fdfe8e04be0 256
907 3 0x7fdfe8e04be0 256
1201 2 0x7fdfe8e04be0 256
711 1 0x7fdfe8e04c10 1638400
712 4 0x7fdfe8e04c10 1638400
715 3 0x7fdfe8e04c10 1638400
719 2 0x7fdfe8e04c10 1638400
722 2 0x7fdfe8e04c10 1638400
723 3 0x7fdfe8e04c10 1638400
861 2 0x7fdfe8e04c10 1638400
867 3 0x7fdfe8e04c10 1638400
868 4 0x7fdfe8e04c10 1638400
869 -1 0x7fdfe8e04c10 1638400
926 1 0x7fdfe8e04c10 256
927 4 0x7fdfe8e04c10 256
928 -1 0x7fdfe8e04c10 256
1012 1 0x7fdfe8e04cc0 102400
1013 4 0x7fdfe8e04cc0 102400
1014 -1 0x7fdfe8e04cc0 102400
674 1 0x7fdfe8e04d20 3276800
675 4 0x7fdfe8e04d20 3276800
676 -1 0x7fdfe8e04d20 3276800
678 1 0x7fdfe8e04d20 819200
679 4 0x7fdfe8e04d20 819200
682 3 0x7fdfe8e04d20 819200
686 2 0x7fdfe8e04d20 819200
689 2 0x7fdfe8e04d20 819200
690 3 0x7fdfe8e04d20 819200
933 2 0x7fdfe8e04d20 819200
938 3 0x7fdfe8e04d20 819200
952 2 0x7fdfe8e04d20 819200
955 3 0x7fdfe8e04d20 819200
959 4 0x7fdfe8e04d20 819200
960 -1 0x7fdfe8e04d20 819200
1005 1 0x7fdfe8e04d20 102400
1006 4 0x7fdfe8e04d20 102400
1007 -1 0x7fdfe8e04d20 102400
812 1 0x7fdfe8e04d90 400
813 4 0x7fdfe8e04d90 400
815 2 0x7fdfe8e04d90 400
817 4 0x7fdfe8e04d90 400
818 -1 0x7fdfe8e04d90 400
819 1 0x7fdfe8e04d90 409600
822 4 0x7fdfe8e04d90 409600
833 3 0x7fdfe8e04d90 409600
846 2 0x7fdfe8e04d90 409600
853 3 0x7fdfe8e04d90 409600
854 3 0x7fdfe8e04d90 409600
858 2 0x7fdfe8e04d90 409600
862 2 0x7fdfe8e04d90 409600
864 3 0x7fdfe8e04d90 409600
876 4 0x7fdfe8e04d90 409600
877 -1 0x7fdfe8e04d90 409600
707 1 0x7fdfe8e05010 1638400
708 4 0x7fdfe8e05010 1638400
709 -1 0x7fdfe8e05010 1638400
739 1 0x7fdfe8e05010 400
740 4 0x7fdfe8e05010 400
741 2 0x7fdfe8e05010 400
744 4 0x7fdfe8e05010 400
745 -1 0x7fdfe8e05010 400
757 1 0x7fdfe8e05010 400
759 4 0x7fdfe8e05010 400
762 2 0x7fdfe8e05010 400
773 4 0x7fdfe8e05010 400
777 2 0x7fdfe8e05010 400
784 4 0x7fdfe8e05010 400
785 -1 0x7fdfe8e05010 400
786 1 0x7fdfe8e05010 400
789 4 0x7fdfe8e05010 400
793 3 0x7fdfe8e05010 400
1111 2 0x7fdfe8e05010 400
1114 4 0x7fdfe8e05010 400
1115 -1 0x7fdfe8e05010 400
720 1 0x7fdfe8e05070 409600
721 4 0x7fdfe8e05070 409600
724 3 0x7fdfe8e05070 409600
728 2 0x7fdfe8e05070 409600
729 3 0x7fdfe8e05070 409600
730 3 0x7fdfe8e05070 409600
734 2 0x7fdfe8e05070 409600
736 2 0x7fdfe8e05070 409600
748 3 0x7fdfe8e05070 409600
826 2 0x7fdfe8e05070 409600
836 3 0x7fdfe8e05070 409600
863 2 0x7fdfe8e05070 409600
866 3 0x7fdfe8e05070 409600
870 4 0x7fdfe8e05070 409600
871 -1 0x7fdfe8e05070 409600
916 1 0x7fdfe8e05070 204800
917 4 0x7fdfe8e05070 204800
918 -1 0x7fdfe8e05070 204800
1015 1 0x7fdfe8e05070 128
1016 4 0x7fdfe8e05070 128
1017 -1 0x7fdfe8e05070 128
716 1 0x7fdfe8e050a0 1638400
717 4 0x7fdfe8e050a0 1638400
718 -1 0x7fdfe8e050a0 1638400
872 1 0x7fdfe8e050a0 1638400
873 4 0x7fdfe8e050a0 1638400
874 -1 0x7fdfe8e050a0 1638400
919 1 0x7fdfe8e050a0 256
920 4 0x7fdfe8e050a0 256
921 -1 0x7fdfe8e050a0 256
683 1 0x7fdfe8e05320 819200
684 4 0x7fdfe8e05320 819200
685 -1 0x7fdfe8e05320 819200
687 1 0x7fdfe8e05320 819200
688 4 0x7fdfe8e05320 819200
691 3 0x7fdfe8e05320 819200
695 2 0x7fdfe8e05320 819200
700 2 0x7fdfe8e05320 819200
704 3 0x7fdfe8e05320 819200
902 2 0x7fdfe8e05320 819200
908 3 0x7fdfe8e05320 819200
935 2 0x7fdfe8e05320 819200
939 3 0x7fdfe8e05320 819200
940 4 0x7fdfe8e05320 819200
941 -1 0x7fdfe8e05320 819200
942 1 0x7fdfe8e05320 819200
943 4 0x7fdfe8e05320 819200
944 -1 0x7fdfe8e05320 819200
878 1 0x7fdfe8e05700 1638400
879 4 0x7fdfe8e05700 1638400
883 3 0x7fdfe8e05700 1638400
891 2 0x7fdfe8e05700 1638400
898 2 0x7fdfe8e05700 1638400
901 2 0x7fdfe8e05700 1638400
905 2 0x7fdfe8e05700 1638400
911 3 0x7fdfe8e05700 1638400
929 4 0x7fdfe8e05700 1638400
930 -1 0x7fdfe8e05700 1638400
931 1 0x7fdfe8e05700 819200
932 4 0x7fdfe8e05700 819200
937 3 0x7fdfe8e05700 819200
945 2 0x7fdfe8e05700 819200
951 2 0x7fdfe8e05700 819200
953 3 0x7fdfe8e05700 819200
965 4 0x7fdfe8e05700 819200
966 -1 0x7fdfe8e05700 819200
967 1 0x7fdfe8e05700 3276800
968 4 0x7fdfe8e05700 3276800
972 3 0x7fdfe8e05700 3276800
980 2 0x7fdfe8e05700 3276800
987 2 0x7fdfe8e05700 3276800
990 2 0x7fdfe8e05700 3276800
994 2 0x7fdfe8e05700 3276800
1000 3 0x7fdfe8e05700 3276800
1018 4 0x7fdfe8e05700 3276800
1019 -1 0x7fdfe8e05700 3276800
1020 1 0x7fdfe8e05700 3276800
1021 4 0x7fdfe8e05700 3276800
1026 3 0x7fdfe8e05700 3276800
1036 2 0x7fdfe8e05700 3276800
1042 2 0x7fdfe8e05700 3276800
1045 3 0x7fdfe8e05700 3276800
1051 4 0x7fdfe8e05700 3276800
1052 -1 0x7fdfe8e05700 3276800
1053 1 0x7fdfe8e05700 13107200
1054 4 0x7fdfe8e05700 13107200
1059 3 0x7fdfe8e05700 13107200
1069 2 0x7fdfe8e05700 13107200
1076 2 0x7fdfe8e05700 13107200
1079 2 0x7fdfe8e05700 13107200
1083 2 0x7fdfe8e05700 13107200
1089 3 0x7fdfe8e05700 13107200
1107 4 0x7fdfe8e05700 13107200
1108 -1 0x7fdfe8e05700 13107200
923 1 0x7fdfe8e05ac0 204800
924 4 0x7fdfe8e05ac0 204800
925 -1 0x7fdfe8e05ac0 204800
754 1 0x7fdfe8e05b70 4000
756 4 0x7fdfe8e05b70 4000
758 2 0x7fdfe8e05b70 4000
764 4 0x7fdfe8e05b70 4000
767 2 0x7fdfe8e05b70 4000
768 4 0x7fdfe8e05b70 4000
771 2 0x7fdfe8e05b70 4000
779 2 0x7fdfe8e05b70 4000
781 4 0x7fdfe8e05b70 4000
787 2 0x7fdfe8e05b70 4000
792 3 0x7fdfe8e05b70 4000
797 2 0x7fdfe8e05b70 4000
799 4 0x7fdfe8e05b70 4000
801 3 0x7fdfe8e05b70 4000
805 2 0x7fdfe8e05b70 4000
806 4 0x7fdfe8e05b70 4000
814 2 0x7fdfe8e05b70 4000
820 2 0x7fdfe8e05b70 4000
827 2 0x7fdfe8e05b70 4000
835 3 0x7fdfe8e05b70 4000
1116 4 0x7fdfe8e05b70 4000
1117 -1 0x7fdfe8e05b70 4000
725 1 0x7fdfe8e06070 409600
726 4 0x7fdfe8e06070 409600
727 -1 0x7fdfe8e06070 409600
731 1 0x7fdfe8e06070 409600
732 4 0x7fdfe8e06070 409600
733 -1 0x7fdfe8e06070 409600
735 1 0x7fdfe8e06070 4000
738 4 0x7fdfe8e06070 4000
743 4 0x7fdfe8e06070 4000
749 3 0x7fdfe8e06070 4000
753 2 0x7fdfe8e06070 4000
755 2 0x7fdfe8e06070 4000
790 3 0x7fdfe8e06070 4000
808 2 0x7fdfe8e06070 4000
1112 4 0x7fdfe8e06070 4000
1113 -1 0x7fdfe8e06070 4000
769 1 0x7fdfe8e060d0 40
770 4 0x7fdfe8e060d0 40
772 2 0x7fdfe8e060d0 40
774 4 0x7fdfe8e060d0 40
775 -1 0x7fdfe8e060d0 40
760 1 0x7fdfe8e06490 40
761 4 0x7fdfe8e06490 40
763 2 0x7fdfe8e06490 40
765 4 0x7fdfe8e06490 40
766 -1 0x7fdfe8e06490 40
776 1 0x7fdfe8e06490 400
778 4 0x7fdfe8e06490 400
780 2 0x7fdfe8e06490 400
782 4 0x7fdfe8e06490 400
783 -1 0x7fdfe8e06490 400
794 1 0x7fdfe8e06f50 400
795 4 0x7fdfe8e06f50 400
796 -1 0x7fdfe8e06f50 400
840 1 0x7fdfe8e06f80 40960
841 4 0x7fdfe8e06f80 40960
842 -1 0x7fdfe8e06f80 40960
802 1 0x7fdfe8e07190 4000
803 4 0x7fdfe8e07190 4000
804 -1 0x7fdfe8e07190 4000
913 1 0x7fdfe8e07190 819200
914 4 0x7fdfe8e07190 819200
915 -1 0x7fdfe8e07190 819200
855 1 0x7fdfe8e07f00 409600
856 4 0x7fdfe8e07f00 409600
857 -1 0x7fdfe8e07f00 409600
850 1 0x7fdfe8e08050 40
851 4 0x7fdfe8e08050 40
852 -1 0x7fdfe8e08050 40
1074 1 0x7fdfe8e08050 128
1075 4 0x7fdfe8e08050 128
1085 3 0x7fdfe8e08050 128
1169 2 0x7fdfe8e08050 128
809 1 0x7fdfe8e08eb0 40960
829 4 0x7fdfe8e08eb0 40960
830 -1 0x7fdfe8e08eb0 40960
810 1 0x7fdfe8e08ee0 409600
823 4 0x7fdfe8e08ee0 409600
824 -1 0x7fdfe8e08ee0 409600
811 1 0x7fdfe8e08f40 40
816 4 0x7fdfe8e08f40 40
831 3 0x7fdfe8e08f40 40
1217 2 0x7fdfe8e08f40 40
421 1 0x7fdfe8e119e0 3276800
422 4 0x7fdfe8e119e0 3276800
423 -1 0x7fdfe8e119e0 3276800
485 1 0x7fdfe8e119e0 128
486 4 0x7fdfe8e119e0 128
487 -1 0x7fdfe8e119e0 128
400 1 0x7fdfe8e11a10 102400
401 4 0x7fdfe8e11a10 102400
402 -1 0x7fdfe8e11a10 102400
29 1 0x7fdfe8e11a40 3276800
30 4 0x7fdfe8e11a40 3276800
31 -1 0x7fdfe8e11a40 3276800
33 1 0x7fdfe8e11a40 3276800
34 4 0x7fdfe8e11a40 3276800
37 3 0x7fdfe8e11a40 3276800
41 2 0x7fdfe8e11a40 3276800
46 2 0x7fdfe8e11a40 3276800
50 3 0x7fdfe8e11a40 3276800
379 2 0x7fdfe8e11a40 3276800
385 3 0x7fdfe8e11a40 3276800
412 2 0x7fdfe8e11a40 3276800
416 3 0x7fdfe8e11a40 3276800
419 4 0x7fdfe8e11a40 3276800
420 -1 0x7fdfe8e11a40 3276800
435 1 0x7fdfe8e11a40 3276800
436 4 0x7fdfe8e11a40 3276800
437 -1 0x7fdfe8e11a40 3276800
461 1 0x7fdfe8e11a40 9600
465 4 0x7fdfe8e11a40 9600
475 3 0x7fdfe8e11a40 9600
547 4 0x7fdfe8e11a40 9600
550 2 0x7fdfe8e11a40 9600
1130 4 0x7fdfe8e11a40 9600
1131 -1 0x7fdfe8e11a40 9600
20 1 0x7fdfe8e11d60 3276800
21 4 0x7fdfe8e11d60 3276800
22 -1 0x7fdfe8e11d60 3276800
371 1 0x7fdfe8e11e90 3276800
380 4 0x7fdfe8e11e90 3276800
387 3 0x7fdfe8e11e90 3276800
399 2 0x7fdfe8e11e90 3276800
411 2 0x7fdfe8e11e90 3276800
413 3 0x7fdfe8e11e90 3276800
425 4 0x7fdfe8e11e90 3276800
426 -1 0x7fdfe8e11e90 3276800
489 1 0x7fdfe8e11e90 9600
490 4 0x7fdfe8e11e90 9600
491 -1 0x7fdfe8e11e90 9600
825 1 0x7fdfe8e11e90 40960
828 4 0x7fdfe8e11e90 40960
832 3 0x7fdfe8e11e90 40960
1207 4 0x7fdfe8e11e90 40960
1210 2 0x7fdfe8e11e90 40960
53 1 0x7fdfe8e11fa0 3276800
54 4 0x7fdfe8e11fa0 3276800
55 -1 0x7fdfe8e11fa0 3276800
119 1 0x7fdfe8e11fa0 409600
120 4 0x7fdfe8e11fa0 409600
121 -1 0x7fdfe8e11fa0 409600
123 1 0x7fdfe8e11fa0 4000
126 4 0x7fdfe8e11fa0 4000
131 4 0x7fdfe8e11fa0 4000
137 3 0x7fdfe8e11fa0 4000
141 2 0x7fdfe8e11fa0 4000
143 2 0x7fdfe8e11fa0 4000
178 3 0x7fdfe8e11fa0 4000
196 2 0x7fdfe8e11fa0 4000
500 4 0x7fdfe8e11fa0 4000
501 -1 0x7fdfe8e11fa0 4000
66 1 0x7fdfe8e11fd0 819200
67 4 0x7fdfe8e11fd0 819200
70 3 0x7fdfe8e11fd0 819200
74 2 0x7fdfe8e11fd0 819200
77 2 0x7fdfe8e11fd0 819200
78 3 0x7fdfe8e11fd0 819200
321 2 0x7fdfe8e11fd0 819200
326 3 0x7fdfe8e11fd0 819200
340 2 0x7fdfe8e11fd0 819200
343 3 0x7fdfe8e11fd0 819200
347 4 0x7fdfe8e11fd0 819200
348 -1 0x7fdfe8e11fd0 819200
38 1 0x7fdfe8e12360 3276800
39 4 0x7fdfe8e12360 3276800
40 -1 0x7fdfe8e12360 3276800
42 1 0x7fdfe8e12360 3276800
43 4 0x7fdfe8e12360 3276800
47 4 0x7fdfe8e12360 3276800
51 3 0x7fdfe8e12360 3276800
56 2 0x7fdfe8e12360 3276800
59 2 0x7fdfe8e12360 3276800
60 3 0x7fdfe8e12360 3276800
357 2 0x7fdfe8e12360 3276800
359 2 0x7fdfe8e12360 3276800
362 3 0x7fdfe8e12360 3276800
363 4 0x7fdfe8e12360 3276800
364 -1 0x7fdfe8e12360 3276800
365 1 0x7fdfe8e12360 3276800
366 4 0x7fdfe8e12360 3276800
367 -1 0x7fdfe8e12360 3276800
1153 1 0x7fdfe8e12360 40
1154 4 0x7fdfe8e12360 40
1155 -1 0x7fdfe8e12360 40
57 1 0x7fdfe8e124b0 3276800
58 4 0x7fdfe8e124b0 3276800
61 3 0x7fdfe8e124b0 3276800
65 2 0x7fdfe8e124b0 3276800
68 2 0x7fdfe8e124b0 3276800
69 3 0x7fdfe8e124b0 3276800
338 2 0x7fdfe8e124b0 3276800
344 3 0x7fdfe8e124b0 3276800
345 4 0x7fdfe8e124b0 3276800
346 -1 0x7fdfe8e124b0 3276800
492 1 0x7fdfe8e12560 128
493 4 0x7fdfe8e12560 128
494 -1 0x7fdfe8e12560 128
266 1 0x7fdfe8e128d0 1638400
267 4 0x7fdfe8e128d0 1638400
271 3 0x7fdfe8e128d0 1638400
279 2 0x7fdfe8e128d0 1638400
286 2 0x7fdfe8e128d0 1638400
289 2 0x7fdfe8e128d0 1638400
293 2 0x7fdfe8e128d0 1638400
299 3 0x7fdfe8e128d0 1638400
317 4 0x7fdfe8e128d0 1638400
318 -1 0x7fdfe8e128d0 1638400
319 1 0x7fdfe8e128d0 819200
320 4 0x7fdfe8e128d0 819200
325 3 0x7fdfe8e128d0 819200
333 2 0x7fdfe8e128d0 819200
339 2 0x7fdfe8e128d0 819200
341 3 0x7fdfe8e128d0 819200
353 4 0x7fdfe8e128d0 819200
354 -1 0x7fdfe8e128d0 819200
355 1 0x7fdfe8e128d0 3276800
356 4 0x7fdfe8e128d0 3276800
360 3 0x7fdfe8e128d0 3276800
368 2 0x7fdfe8e128d0 3276800
375 2 0x7fdfe8e128d0 3276800
378 2 0x7fdfe8e128d0 3276800
382 2 0x7fdfe8e128d0 3276800
388 3 0x7fdfe8e128d0 3276800
406 4 0x7fdfe8e128d0 3276800
407 -1 0x7fdfe8e128d0 3276800
408 1 0x7fdfe8e128d0 3276800
409 4 0x7fdfe8e128d0 3276800
414 3 0x7fdfe8e128d0 3276800
424 2 0x7fdfe8e128d0 3276800
430 2 0x7fdfe8e128d0 3276800
433 3 0x7fdfe8e128d0 3276800
439 4 0x7fdfe8e128d0 3276800
440 -1 0x7fdfe8e128d0 3276800
441 1 0x7fdfe8e128d0 13107200
442 4 0x7fdfe8e128d0 13107200
447 3 0x7fdfe8e128d0 13107200
457 2 0x7fdfe8e128d0 13107200
464 2 0x7fdfe8e128d0 13107200
467 2 0x7fdfe8e128d0 13107200
471 2 0x7fdfe8e128d0 13107200
477 3 0x7fdfe8e128d0 13107200
495 4 0x7fdfe8e128d0 13107200
496 -1 0x7fdfe8e128d0 13107200
62 1 0x7fdfe8e12b20 3276800
63 4 0x7fdfe8e12b20 3276800
64 -1 0x7fdfe8e12b20 3276800
403 1 0x7fdfe8e12b20 128
404 4 0x7fdfe8e12b20 128
405 -1 0x7fdfe8e12b20 128
623 1 0x7fdfe8e12b20 13107200
624 4 0x7fdfe8e12b20 13107200
625 -1 0x7fdfe8e12b20 13107200
654 1 0x7fdfe8e12b20 3276800
655 4 0x7fdfe8e12b20 3276800
659 4 0x7fdfe8e12b20 3276800
663 3 0x7fdfe8e12b20 3276800
668 2 0x7fdfe8e12b20 3276800
671 2 0x7fdfe8e12b20 3276800
672 3 0x7fdfe8e12b20 3276800
969 2 0x7fdfe8e12b20 3276800
971 2 0x7fdfe8e12b20 3276800
974 3 0x7fdfe8e12b20 3276800
975 4 0x7fdfe8e12b20 3276800
976 -1 0x7fdfe8e12b20 3276800
977 1 0x7fdfe8e12b20 3276800
978 4 0x7fdfe8e12b20 3276800
979 -1 0x7fdfe8e12b20 3276800
75 1 0x7fdfe8e12ba0 819200
76 4 0x7fdfe8e12ba0 819200
79 3 0x7fdfe8e12ba0 819200
83 2 0x7fdfe8e12ba0 819200
88 2 0x7fdfe8e12ba0 819200
92 3 0x7fdfe8e12ba0 819200
290 2 0x7fdfe8e12ba0 819200
296 3 0x7fdfe8e12ba0 819200
323 2 0x7fdfe8e12ba0 819200
327 3 0x7fdfe8e12ba0 819200
328 4 0x7fdfe8e12ba0 819200
329 -1 0x7fdfe8e12ba0 819200
330 1 0x7fdfe8e12ba0 819200
331 4 0x7fdfe8e12ba0 819200
332 -1 0x7fdfe8e12ba0 819200
349 1 0x7fdfe8e12c90 3276800
350 4 0x7fdfe8e12c90 3276800
351 -1 0x7fdfe8e12c90 3276800
372 1 0x7fdfe8e12c90 102400
376 4 0x7fdfe8e12c90 102400
386 3 0x7fdfe8e12c90 102400
563 4 0x7fdfe8e12c90 102400
566 2 0x7fdfe8e12c90 102400
1126 4 0x7fdfe8e12c90 102400
1127 -1 0x7fdfe8e12c90 102400
276 1 0x7fdfe8e12dd0 1638400
277 4 0x7fdfe8e12dd0 1638400
278 -1 0x7fdfe8e12dd0 1638400
283 1 0x7fdfe8e12dd0 204800
287 4 0x7fdfe8e12dd0 204800
297 3 0x7fdfe8e12dd0 204800
579 4 0x7fdfe8e12dd0 204800
582 2 0x7fdfe8e12dd0 204800
1122 4 0x7fdfe8e12dd0 204800
1123 -1 0x7fdfe8e12dd0 204800
80 1 0x7fdfe8e12e00 819200
81 4 0x7fdfe8e12e00 819200
82 -1 0x7fdfe8e12e00 819200
84 1 0x7fdfe8e12e00 1638400
85 4 0x7fdfe8e12e00 1638400
89 4 0x7fdfe8e12e00 1638400
93 3 0x7fdfe8e12e00 1638400
98 2 0x7fdfe8e12e00 1638400
101 2 0x7fdfe8e12e00 1638400
102 3 0x7fdfe8e12e00 1638400
268 2 0x7fdfe8e12e00 1638400
270 2 0x7fdfe8e12e00 1638400
273 3 0x7fdfe8e12e00 1638400
274 4 0x7fdfe8e12e00 1638400
275 -1 0x7fdfe8e12e00 1638400
1138 1 0x7fdfe8e12e00 102400
1139 4 0x7fdfe8e12e00 102400
1140 -1 0x7fdfe8e12e00 102400
113 1 0x7fdfe8e130d0 409600
114 4 0x7fdfe8e130d0 409600
115 -1 0x7fdfe8e130d0 409600
95 1 0x7fdfe8e132b0 1638400
96 4 0x7fdfe8e132b0 1638400
97 -1 0x7fdfe8e132b0 1638400
127 1 0x7fdfe8e132b0 400
128 4 0x7fdfe8e132b0 400
129 2 0x7fdfe8e132b0 400
132 4 0x7fdfe8e132b0 400
133 -1 0x7fdfe8e132b0 400
142 1 0x7fdfe8e132b0 4000
144 4 0x7fdfe8e132b0 4000
146 2 0x7fdfe8e132b0 4000
152 4 0x7fdfe8e132b0 4000
155 2 0x7fdfe8e132b0 4000
156 4 0x7fdfe8e132b0 4000
159 2 0x7fdfe8e132b0 4000
167 2 0x7fdfe8e132b0 4000
169 4 0x7fdfe8e132b0 4000
175 2 0x7fdfe8e132b0 4000
180 3 0x7fdfe8e132b0 4000
185 2 0x7fdfe8e132b0 4000
187 4 0x7fdfe8e132b0 4000
189 3 0x7fdfe8e132b0 4000
193 2 0x7fdfe8e132b0 4000
194 4 0x7fdfe8e132b0 4000
202 2 0x7fdfe8e132b0 4000
208 2 0x7fdfe8e132b0 4000
215 2 0x7fdfe8e132b0 4000
223 3 0x7fdfe8e132b0 4000
504 4 0x7fdfe8e132b0 4000
505 -1 0x7fdfe8e132b0 4000
108 1 0x7fdfe8e132e0 409600
109 4 0x7fdfe8e132e0 409600
112 3 0x7fdfe8e132e0 409600
116 2 0x7fdfe8e132e0 409600
117 3 0x7fdfe8e132e0 409600
118 3 0x7fdfe8e132e0 409600
122 2 0x7fdfe8e132e0 409600
124 2 0x7fdfe8e132e0 409600
136 3 0x7fdfe8e132e0 409600
214 2 0x7fdfe8e132e0 409600
224 3 0x7fdfe8e132e0 409600
251 2 0x7fdfe8e132e0 409600
254 3 0x7fdfe8e132e0 409600
258 4 0x7fdfe8e132e0 409600
259 -1 0x7fdfe8e132e0 409600
304 1 0x7fdfe8e132e0 204800
305 4 0x7fdfe8e132e0 204800
306 -1 0x7fdfe8e132e0 204800
390 1 0x7fdfe8e132e0 3276800
391 4 0x7fdfe8e132e0 3276800
392 -1 0x7fdfe8e132e0 3276800
396 1 0x7fdfe8e132e0 128
397 4 0x7fdfe8e132e0 128
398 -1 0x7fdfe8e132e0 128
99 1 0x7fdfe8e13480 1638400
100 4 0x7fdfe8e13480 1638400
103 3 0x7fdfe8e13480 1638400
107 2 0x7fdfe8e13480 1638400
110 2 0x7fdfe8e13480 1638400
111 3 0x7fdfe8e13480 1638400
249 2 0x7fdfe8e13480 1638400
255 3 0x7fdfe8e13480 1638400
256 4 0x7fdfe8e13480 1638400
257 -1 0x7fdfe8e13480 1638400
314 1 0x7fdfe8e13480 256
315 4 0x7fdfe8e13480 256
316 -1 0x7fdfe8e13480 256
627 1 0x7fdfe8e13480 3276800
628 4 0x7fdfe8e13480 3276800
631 3 0x7fdfe8e13480 3276800
635 2 0x7fdfe8e13480 3276800
638 2 0x7fdfe8e13480 3276800
639 3 0x7fdfe8e13480 3276800
1041 2 0x7fdfe8e13480 3276800
1043 2 0x7fdfe8e13480 3276800
1046 3 0x7fdfe8e13480 3276800
1057 2 0x7fdfe8e13480 3276800
1060 3 0x7fdfe8e13480 3276800
1064 4 0x7fdfe8e13480 3276800
1065 -1 0x7fdfe8e13480 3276800
104 1 0x7fdfe8e13870 1638400
105 4 0x7fdfe8e13870 1638400
106 -1 0x7fdfe8e13870 1638400
260 1 0x7fdfe8e13870 1638400
261 4 0x7fdfe8e13870 1638400
262 -1 0x7fdfe8e13870 1638400
301 1 0x7fdfe8e13870 819200
302 4 0x7fdfe8e13870 819200
303 -1 0x7fdfe8e13870 819200
541 1 0x7fdfe8e13870 40
542 4 0x7fdfe8e13870 40
543 -1 0x7fdfe8e13870 40
311 1 0x7fdfe8e139e0 204800
312 4 0x7fdfe8e139e0 204800
313 -1 0x7fdfe8e139e0 204800
138 1 0x7fdfe8e13c80 4000
139 4 0x7fdfe8e13c80 4000
140 -1 0x7fdfe8e13c80 4000
145 1 0x7fdfe8e140d0 400
147 4 0x7fdfe8e140d0 400
150 2 0x7fdfe8e140d0 400
161 4 0x7fdfe8e140d0 400
165 2 0x7fdfe8e140d0 400
172 4 0x7fdfe8e140d0 400
173 -1 0x7fdfe8e140d0 400
148 1 0x7fdfe8e14140 40
149 4 0x7fdfe8e14140 40
151 2 0x7fdfe8e14140 40
153 4 0x7fdfe8e14140 40
154 -1 0x7fdfe8e14140 40
157 1 0x7fdfe8e14140 40
158 4 0x7fdfe8e14140 40
160 2 0x7fdfe8e14140 40
162 4 0x7fdfe8e14140 40
163 -1 0x7fdfe8e14140 40
164 1 0x7fdfe8e141d0 400
166 4 0x7fdfe8e141d0 400
168 2 0x7fdfe8e141d0 400
170 4 0x7fdfe8e141d0 400
171 -1 0x7fdfe8e141d0 400
1147 1 0x7fdfe8e14670 256
1148 4 0x7fdfe8e14670 256
1149 -1 0x7fdfe8e14670 256
1150 1 0x7fdfe8e14670 40960
1151 4 0x7fdfe8e14670 40960
1152 -1 0x7fdfe8e14670 40960
174 1 0x7fdfe8e14aa0 400
177 4 0x7fdfe8e14aa0 400
181 3 0x7fdfe8e14aa0 400
499 2 0x7fdfe8e14aa0 400
502 4 0x7fdfe8e14aa0 400
503 -1 0x7fdfe8e14aa0 400
612 1 0x7fdfe8e14aa0 13107200
613 4 0x7fdfe8e14aa0 13107200
617 4 0x7fdfe8e14aa0 13107200
621 3 0x7fdfe8e14aa0 13107200
626 2 0x7fdfe8e14aa0 13107200
629 2 0x7fdfe8e14aa0 13107200
630 3 0x7fdfe8e14aa0 13107200
1055 2 0x7fdfe8e14aa0 13107200
1061 3 0x7fdfe8e14aa0 13107200
1062 4 0x7fdfe8e14aa0 13107200
1063 -1 0x7fdfe8e14aa0 13107200
1066 1 0x7fdfe8e14aa0 13107200
1067 4 0x7fdfe8e14aa0 13107200
1068 -1 0x7fdfe8e14aa0 13107200
1073 1 0x7fdfe8e14aa0 9600
1077 4 0x7fdfe8e14aa0 9600
1087 3 0x7fdfe8e14aa0 9600
1159 4 0x7fdfe8e14aa0 9600
1162 2 0x7fdfe8e14aa0 9600
182 1 0x7fdfe8e14c00 400
183 4 0x7fdfe8e14c00 400
184 -1 0x7fdfe8e14c00 400
190 1 0x7fdfe8e14d70 4000
191 4 0x7fdfe8e14d70 4000
192 -1 0x7fdfe8e14d70 4000
197 1 0x7fdfe8e14d70 40960
217 4 0x7fdfe8e14d70 40960
218 -1 0x7fdfe8e14d70 40960
228 1 0x7fdfe8e14e40 40960
229 4 0x7fdfe8e14e40 40960
230 -1 0x7fdfe8e14e40 40960
307 1 0x7fdfe8e14e40 256
308 4 0x7fdfe8e14e40 256
309 -1 0x7fdfe8e14e40 256
479 1 0x7fdfe8e14eb0 1228800
480 4 0x7fdfe8e14eb0 1228800
481 -1 0x7fdfe8e14eb0 1228800
231 1 0x7fdfe8e14ee0 40
232 4 0x7fdfe8e14ee0 40
233 -1 0x7fdfe8e14ee0 40
247 1 0x7fdfe8e14ee0 1638400
248 4 0x7fdfe8e14ee0 1638400
253 3 0x7fdfe8e14ee0 1638400
263 2 0x7fdfe8e14ee0 1638400
269 2 0x7fdfe8e14ee0 1638400
272 3 0x7fdfe8e14ee0 1638400
280 4 0x7fdfe8e14ee0 1638400
281 -1 0x7fdfe8e14ee0 1638400
282 1 0x7fdfe8e14ee0 819200
291 4 0x7fdfe8e14ee0 819200
298 3 0x7fdfe8e14ee0 819200
310 2 0x7fdfe8e14ee0 819200
322 2 0x7fdfe8e14ee0 819200
324 3 0x7fdfe8e14ee0 819200
334 4 0x7fdfe8e14ee0 819200
335 -1 0x7fdfe8e14ee0 819200
336 1 0x7fdfe8e14ee0 3276800
337 4 0x7fdfe8e14ee0 3276800
342 3 0x7fdfe8e14ee0 3276800
352 2 0x7fdfe8e14ee0 3276800
358 2 0x7fdfe8e14ee0 3276800
361 3 0x7fdfe8e14ee0 3276800
369 4 0x7fdfe8e14ee0 3276800
370 -1 0x7fdfe8e14ee0 3276800
482 1 0x7fdfe8e14ee0 9600
483 4 0x7fdfe8e14ee0 9600
484 -1 0x7fdfe8e14ee0 9600
284 1 0x7fdfe8e15020 256
285 4 0x7fdfe8e15020 256
295 3 0x7fdfe8e15020 256
589 2 0x7fdfe8e15020 256
1120 4 0x7fdfe8e15020 256
1121 -1 0x7fdfe8e15020 256
-609 2 0xbc71b70 9600
-602 3 0xbc71b70 9600
-140 2 0xbc71b70 9600
-134 3 0xbc71b70 9600
-66 2 0xbc71b70 9600
-60 2 0xbc71b70 9600
-58 4 0xbc71b70 9600
3 2 0xbc71b70 9600
10 3 0xbc71b70 9600
472 2 0xbc71b70 9600
478 3 0xbc71b70 9600
546 2 0xbc71b70 9600
552 2 0xbc71b70 9600
554 4 0xbc71b70 9600
615 2 0xbc71b70 9600
622 3 0xbc71b70 9600
1084 2 0xbc71b70 9600
1090 3 0xbc71b70 9600
1158 2 0xbc71b70 9600
1164 2 0xbc71b70 9600
1166 4 0xbc71b70 9600
-525 2 0xbc723c0 204800
-518 3 0xbc723c0 204800
-318 2 0xbc723c0 204800
-312 3 0xbc723c0 204800
-34 2 0xbc723c0 204800
-28 2 0xbc723c0 204800
-26 4 0xbc723c0 204800
87 2 0xbc723c0 204800
94 3 0xbc723c0 204800
294 2 0xbc723c0 204800
300 3 0xbc723c0 204800
578 2 0xbc723c0 204800
584 2 0xbc723c0 204800
586 4 0xbc723c0 204800
699 2 0xbc723c0 204800
706 3 0xbc723c0 204800
906 2 0xbc723c0 204800
912 3 0xbc723c0 204800
1190 2 0xbc723c0 204800
1196 2 0xbc723c0 204800
1198 4 0xbc723c0 204800
-482 2 0xbc725e0 40
-478 3 0xbc725e0 40
-5 2 0xbc725e0 40
-3 4 0xbc725e0 40
130 2 0xbc725e0 40
134 3 0xbc725e0 40
607 2 0xbc725e0 40
609 4 0xbc725e0 40
742 2 0xbc725e0 40
746 3 0xbc725e0 40
1219 2 0xbc725e0 40
1221 4 0xbc725e0 40
-487 2 0xbc72b60 40960
-477 3 0xbc72b60 40960
-403 2 0xbc72b60 40960
-390 3 0xbc72b60 40960
-18 2 0xbc72b60 40960
-12 2 0xbc72b60 40960
-10 4 0xbc72b60 40960
125 2 0xbc72b60 40960
135 3 0xbc72b60 40960
209 2 0xbc72b60 40960
222 3 0xbc72b60 40960
594 2 0xbc72b60 40960
600 2 0xbc72b60 40960
602 4 0xbc72b60 40960
737 2 0xbc72b60 40960
747 3 0xbc72b60 40960
821 2 0xbc72b60 40960
834 3 0xbc72b60 40960
1206 2 0xbc72b60 40960
1212 2 0xbc72b60 40960
1214 4 0xbc72b60 40960
